Accelerometer:
  axoffset: 0.040448811848958335
  ayoffset: 0.027495524088541667
  azoffset: -0.04617513020833333
Gyroscope:
  gxoffset: 4.428812662760417
  gyoffset: 0.7593790690104166
  gzoffset: 0.10912577311197917
Magnetometer:
  mxoffset: 0.012359619140625
  mxscale: 1.0234019752657342
  myoffset: -0.033111572265625
  myscale: 0.9965592125673352
  mzoffset: -0.011199951171875
  mzscale: 0.9809555537047834
