Accelerometer:
  axoffset: 0.05427734375
  ayoffset: 0.03725341796875
  azoffset: -0.051814371744791664
Gyroscope:
  gxoffset: 4.4590504964192705
  gyoffset: 0.7863998413085938
  gzoffset: 0.1236724853515625
Magnetometer:
  mxoffset: 0.026092529296875
  mxscale: 0.9942843590655757
  myoffset: -0.02313232421875
  myscale: 1.0236351206172478
  mzoffset: -0.011688232421875
  mzscale: 0.9829546786710744
