Accelerometer:
  axoffset: 0.04525349934895833
  ayoffset: 0.029110107421875
  azoffset: -0.04918497721354167
Gyroscope:
  gxoffset: 4.4736480712890625
  gyoffset: 0.7692972819010416
  gzoffset: 0.080413818359375
Magnetometer:
  mxoffset: 0.018829345703125
  mxscale: 1.011716359185101
  myoffset: -0.070953369140625
  myscale: 0.9984468030028475
  mzoffset: -0.026763916015625
  mzscale: 0.9900744416873449
